         NZ   AusB  Nin3  Nin4  NCal NEPac   IO    EI0   B+T  ZNZn  ZNZs
 199801  -2.7  92.1 364.6 101.0  29.1 -60.6  74.0 121.4 -19.5  15.1 -72.5
 199802 148.0  84.0 275.3  93.0  82.2 -96.8  83.6 121.6 131.6 150.9 136.7
 199803 110.8  22.3 230.7  62.0  60.0 -80.7 128.3 136.4  76.3 117.5  84.7
 199804 126.8   7.6 187.1  21.9 101.8 -43.6 153.5 146.4  78.8 147.1  47.5
 199805  88.3   5.8 144.3  16.5 126.8 -11.2 139.1 135.1  50.7 112.9  -7.7
 199806  69.3  37.9 -25.8   2.5 110.2 -26.1  82.0  88.4  48.6  92.9 -23.1
 199807 100.6  61.4 -21.1 -48.7 106.5   5.2  72.9  65.1  88.2 115.4  42.9
 199808  83.1  40.8 -22.5 -68.0 110.7  28.5  73.8  40.1  68.9  99.7  18.3
 199809  80.3  48.2 -49.6 -46.3  85.8  14.1  56.3  25.5  50.3 100.6   1.0
 199810  68.5  15.0 -63.0-108.5 125.1  39.8  42.9  20.7  45.9  89.8 -15.1
 199811  80.7  32.9 -69.9-113.9 105.3 136.4  50.8  12.1  62.3  93.8  29.1
 199812  50.5  33.7-110.1-121.8  90.4  96.0  22.2   2.4  41.4  58.4  19.7
 199901  80.3  97.9-103.4-161.0  88.3  61.8  25.8  30.8  88.3  74.3 104.0
 199902  60.7  94.1 -69.0-163.7  50.0  49.4  15.9  47.6  89.8  45.2 121.4
 199903  71.0  90.7 -24.5-127.5  91.3  40.0  29.1  27.9  84.8  59.0 117.7
 199904  93.7  35.1 -60.4-106.5 113.6  52.7  49.0  28.5  95.5  86.2 123.3
 199905  60.2  39.7 -26.7 -73.4  48.6  20.9  38.0 -11.5  69.6  52.4  90.7
 199906 106.4  52.8 -55.3 -57.5  38.4  56.6  50.8  -1.6  98.9 100.4 129.8
 199907  94.6  55.4 -50.8 -56.3  26.0  65.9  50.3  40.4  78.7  92.7 102.1
 199908  59.4  39.3 -76.7 -65.7  13.2  38.8  34.9  52.7  51.6  58.3  63.9
 199909  83.1  79.3 -88.7 -45.6  30.2  13.3  35.6  66.1  79.2  79.5  97.0
 199910  64.6 104.3 -88.9 -45.4  39.6  -9.8  62.3  44.4  60.7  67.9  51.4
 199911  60.1  49.8-130.3 -71.5  29.2  -5.2  75.5  63.2  65.5  55.2  79.1
 199912 -23.8  46.5-137.5-104.0 -20.8  60.0  57.0  56.1 -15.5 -27.3 -10.0
 200001 -21.6  32.4-152.7-118.1  -6.7  50.7  69.6  44.8 -13.6 -29.2   7.9
 200002  -4.0  43.7 -93.6-146.0   9.1  82.6  31.1   3.3  -7.5  -4.7  -1.2
 200003   1.8  64.0 -29.0-141.3   2.0 140.0   0.1 -15.5 -15.0   5.3 -12.1
 200004  31.3  66.0  23.6-102.8  29.1  81.6  40.8  41.0  23.0  32.1  27.9
 200005  50.9  41.8  10.0 -78.6  43.0  40.1  18.7  46.5  50.5  48.4  60.7
 200006  47.7  22.8 -28.6 -46.7  17.3  26.4  39.7  31.5  56.4  41.0  74.3
 200007  76.5  59.4 -20.9 -27.1  18.7 -13.3  55.5  65.2  80.7  74.7  83.6
 200008  59.3  58.3 -29.7  -1.9  22.8   3.5  61.2  69.4  61.3  59.7  57.6
 200009  45.7  50.3 -21.8  19.5  44.8  13.1  54.4  64.1  48.4  48.6  34.3
 200010  40.7  53.8 -18.6 -12.6  29.9   4.6  62.6  83.3  47.1  40.1  43.3
 200011  -5.7 101.5 -56.1 -17.3   9.8  76.1  46.9  80.8   5.2 -10.8  14.2
 200012  21.6 142.4 -44.6 -68.5  15.9  58.5  43.7  64.5  40.3  14.4  49.5
 200101  29.6 101.2 -35.7 -64.1  44.6  43.7  21.6  34.6  17.9  35.9   4.7
 200102  28.9 101.5 -14.4 -82.9  67.8  77.1  -4.5  46.7   8.8  35.3   4.0
 200103  35.0 106.9  35.6 -51.8  97.8  48.3  14.2  89.1  39.2  34.2  38.3
 200104  34.1  68.3  27.2 -17.3  63.6  26.8  30.5  34.8  45.3  29.1  53.7
 200105  91.8  89.3  16.9   8.3  75.7  -9.6  58.6  59.9 101.2  85.0 118.7
 200106  75.4 104.7  20.9  29.7  39.2  21.9  78.6  74.0  78.8  71.2  91.6
 200107  63.9 103.2   7.4  64.1  14.7  23.2  91.0  80.0  64.4  59.2  82.2
 200108  76.5  80.2  -6.3  64.5  26.5  28.4  93.0  86.0  72.5  74.1  86.1
 200109  82.3  97.4 -33.2  91.3  34.5  -8.2  80.0  63.7  82.1  77.1 102.5
 200110  96.4  64.4 -15.6  73.8  48.8   9.3  77.2  77.9  91.8  91.3 116.5
 200111  87.0  23.4 -37.0  72.5  64.9  98.3  31.3  56.8  79.6  84.1  98.6
 200112 109.9  10.0 -25.9  38.9  95.5  24.9  55.6 106.3 104.6 104.7 130.2
 200201  83.0  10.0 -24.0  79.3 107.6 131.9  63.9  89.6  79.0  75.0 114.4
 200202  48.9   1.6   5.2  77.0 110.1 164.7  35.6  65.1  56.5  40.3  82.8
 200203  45.3   4.4  39.7  62.8  78.7  78.3  80.4  77.9  41.3  47.5  36.8
 200204  30.2  39.0  33.7  78.8  63.9  87.4 102.2  74.8  21.9  34.6  13.1
 200205  60.3  99.4  52.3  93.6  56.3  53.6  96.6  62.7  55.4  64.0  45.6
 200206  38.3  57.5  93.7 114.5  72.9  23.2 107.8 108.7  29.1  44.0  16.2
 200207  39.8  44.3  66.2 109.7  43.8  10.9  90.3  88.9  27.7  44.6  21.2
 200208  30.8  58.2  70.1 111.9  23.1  -0.9  71.7  72.8  24.7  29.1  37.3
 200209  53.8  48.1  98.8 124.8  47.0  -0.8  38.8  73.3  42.0  52.6  58.5
 200210   5.9  14.3 127.7 135.9  26.2  -3.5  38.4  92.9   0.5   4.7  10.7
 200211 -22.1   9.9 171.7 168.9   9.8   9.0  40.9  94.6 -24.7 -21.4 -24.9
 200212  22.9  21.8 166.5 135.2  -4.3  -4.9  69.7  84.6  15.2  22.2  26.0
 200301  23.5  42.4 106.7 124.7  39.0  18.4  71.8 105.2  10.3  22.0  29.3
 200302   2.8  61.2  50.9 105.1  15.0  39.5  70.6  97.9 -10.9   1.1   9.5
 200303  17.4  32.0  43.3  96.9  59.8   1.9  49.9  76.4  10.0  11.4  41.2
 200304  49.6  56.5 -10.0  62.6  70.5  13.6  57.8  91.9  37.9  45.9  64.0
 200305  46.3  50.6 -62.5  36.0  78.2  19.8  50.9  61.7  28.6  49.3  34.8
 200306  58.9  54.7 -35.0  56.3  50.9  18.3  65.6  82.4  43.9  56.8  67.0
 200307  70.2  52.7  38.7  67.4  39.6  52.2  65.2 112.1  51.2  69.0  74.7
 200308  49.7  43.5  25.1  71.5  10.6  51.6  50.2 118.7  40.9  44.3  70.8
 200309  43.6   9.7  39.5  77.6  21.1  78.9  34.1 105.6  30.8  41.3  52.3
 200310   3.5  -2.1  73.1  95.6  29.8  57.1  44.8  79.0  -1.2  -0.1  17.3
 200311  -9.6   7.8  69.7 109.6  -2.2  51.4  30.1  69.7 -15.4  -6.4 -22.3
 200312  28.5  27.6  71.7  80.4  36.4  28.4   6.9  55.3   4.0  39.2 -13.6
 200401  63.8   6.9  58.6  77.3  68.9  56.1  42.2 102.9  44.3  67.0  51.2
 200402  67.6   9.4  26.6  54.9 131.8 185.5  54.6  73.4  33.1  75.3  37.9
 200403 -29.7 -30.6  28.7  32.7  74.1 124.7  36.6  61.0 -49.3 -21.4 -62.5
 200404 -23.0   0.8   8.1  41.7  30.4 110.0  62.9  93.4 -48.4 -14.0 -58.4
 200405  32.8  -0.8  -4.2  63.8  47.1 123.7  62.0  62.4  13.3  36.3  19.3
 200406  24.6  -1.2  11.2  66.3  12.7 116.3  53.6  54.2  12.2  21.9  35.3
 200407  27.9  -6.6   2.5  98.0  24.2  69.6  38.8  39.7  12.3  27.3  30.0
 200408  17.5   6.0  29.2 102.7  10.7  51.9  11.3  38.3   8.1  15.2  26.4
 200409  -8.0  14.4  60.6 140.3  -8.5  47.3   9.2  22.7 -16.1  -6.0 -15.9
 200410  -6.6  14.6  73.8 131.9  12.4  21.9  26.5  49.6 -13.0  -3.1 -20.3
 200411  21.1   0.8  76.4 138.5   2.3  14.4  13.3  60.3  14.4  22.9  14.4
 200412 -89.2  31.0  92.7 123.0   0.1 137.9  33.3  69.5 -99.6 -77.4-135.6
 200501 -68.5  13.5  55.0 116.1  31.4 108.7  31.5  93.8 -76.3 -64.7 -83.5
 200502  59.0  27.2  -2.3  82.1  87.2  34.8  57.2  81.0  68.6  49.1  97.7
 200503  67.4  31.4  14.7  86.3  41.7   9.8  95.7 103.8  62.7  70.3  56.2
 200504  60.6  55.7  56.7  63.4  51.9   9.9  60.8  77.4  53.9  62.3  53.8
 200505  55.4  41.7  77.3  64.0  53.7 -12.5  74.4  85.7  48.3  63.0  25.8
 200506  37.9  75.5  65.4  66.1  14.8  -6.3  58.9  65.4  42.0  40.5  27.6
 200507  46.6  89.9  56.9  60.6  28.6  35.0  44.0  39.5  41.1  52.7  22.7
 200508  65.4  67.3  41.2  51.8  32.6  41.6  41.1  63.7  60.6  68.4  53.6
 200509  79.7  48.1  -3.5  59.7  16.6  43.6  37.4  61.6  74.4  80.3  77.3
 200510  47.2  52.5   8.0  61.8  55.0  63.2  11.3  56.2  46.0  49.2  39.4
 200511  73.5  90.1 -46.4  42.2  39.2  52.2  12.6  50.4  67.9  76.0  63.6
 200512  81.1  75.7 -62.2   8.4  77.3  48.7  11.9  30.7  89.3  76.3 100.0
 200601  48.1  43.0 -36.1 -46.3  55.4 116.0  -1.3  59.9  30.1  48.1  48.2
 200602  92.1  44.7 -14.1 -71.0  64.9 125.3  -2.3  69.1  77.1  88.7 105.4
 200603  -8.0  46.5 -39.7 -31.8  34.0 125.5  14.0  52.0 -23.6   0.1 -39.7
 200604  34.4  -2.2  -1.2   2.8  94.8  98.6   6.7  51.2  30.8  35.8  28.8
 200605  48.0 -36.0  33.1  35.4  66.3  84.7  27.4  63.2  53.2  42.7  69.1
 200606  28.3  -2.1  31.0  61.6  31.2  48.2  45.1  61.1  31.5  21.8  53.7
 200607  18.8   5.6  46.4  64.3 -13.9  40.9  30.0  56.2  14.5  14.0  37.4
 200608   1.0  -2.4  70.1  93.1 -24.8  33.7  31.8  78.2 -12.1  -0.6   7.1
 200609  35.0  15.9 120.3 120.3 -14.0  11.6  13.2  82.7  17.1  37.9  23.7
 200610   9.3  12.4 139.2 123.1 -61.9  -7.9   0.7  92.7 -10.6  13.0  -4.9
 200611  -3.6   3.3 138.4 148.7 -26.5   5.9  19.3 105.4 -28.3   4.8 -36.4
 200612 -74.0   5.7 152.7 132.6 -48.9  18.6  29.1  78.6 -86.6 -68.1 -96.9
 200701 -48.0  11.5 117.9  87.6 -22.4 -25.8  33.4 101.2 -58.5 -43.5 -65.4
 200702 -12.5  63.9  21.2  57.4   8.0   5.2  50.3  78.0 -18.9 -13.1  -9.9
 200703   3.5  87.0 -13.4  44.6  10.0  20.0  30.2  60.8  -8.6   5.1  -2.7
 200704  21.6  57.3 -15.8  34.7  27.3  22.5  33.4  60.4   2.3  27.4  -1.1
 200705  60.1  81.0 -41.0  29.1  45.4  75.3  47.7  71.1  36.1  65.4  39.7
 200706  67.7  58.8 -35.0  43.3  55.0  84.1  68.2  73.4  40.1  73.9  43.4
 200707  53.2  56.3 -63.9  32.8  44.8  50.8  50.3  68.6  26.8  58.0  34.3
 200708  38.0  33.0 -99.1  18.7  33.6  54.6  55.2  80.5  18.5  38.2  37.3
 200709  37.3  32.9-110.0 -21.3  54.8  45.8  29.0  79.1  11.8  41.0  22.7
 200710   8.7   9.9-128.8 -51.5  55.5  63.1  39.9  81.3 -11.5  15.7 -18.6
 200711  -0.9  67.9-158.5 -89.5  25.8  37.7  32.4  78.2 -15.8   3.9 -19.4
 200712  25.9 110.8-129.2-100.7  35.8 -31.4  42.2  24.4  22.0  20.4  47.3
 200801  40.0 120.9-123.6-156.6  36.4  -6.6  37.2  82.6  37.0  33.8  64.2
 200802  24.6  62.1-116.3-172.8  47.7 104.8  12.5   1.8  36.2  17.7  51.2
 200803  14.8  45.7 -26.4-132.9  30.9 129.2   4.8  -6.6   3.4  17.0   6.1
 200804  50.1  27.1  -1.6 -95.0  47.5  58.8  25.1  -5.9  47.6  49.0  54.5
 200805  27.8  18.4  39.2 -69.2   4.4  54.7  28.1   6.0  26.2  23.1  46.2
 200806  19.1  44.7  40.4 -48.0   1.3  41.3  49.2  55.0  12.5  12.6  44.6
 200807  11.0  32.7  80.3 -20.6  29.3  45.3  38.3  71.3   5.5   6.9  26.9
 200808 -14.4  14.1  88.7 -16.8  34.0  37.2  36.1 105.2 -19.9 -17.8  -1.1
 200809  -4.9   8.9  52.0 -13.1  42.7  36.1  69.5 125.1  -9.5  -6.8   2.2
 200810  -6.1  15.8  18.2   0.8  43.6  65.4  51.7  88.4 -13.9  -3.4 -16.9
 200811  -0.7  -2.9   6.0 -16.0  83.3  96.1  36.3  65.6 -14.1   4.9 -22.4
 200812  29.0 -12.4 -26.9 -53.4 121.6 131.5   6.2  22.1   1.6  33.4  11.6
 200901  70.1  13.5 -31.8 -70.8  79.0 133.0  32.1  50.4  52.2  71.8  63.2
 200902  58.0  41.4 -36.4 -71.4  82.4 160.4  31.1  67.7  28.7  68.7  16.2
 200903  26.0  13.4 -48.7 -32.9  82.2 158.8  32.9  54.3  -1.7  39.4 -26.4
 200904  13.5  11.7  12.2   3.0  35.8 134.7  36.9  50.1   4.4  18.8  -7.3
 200905  -7.6 -16.4  68.8  44.0  17.4 104.2  55.5  67.4 -14.6  -6.2 -13.1
 200906 -27.1  32.2 100.0  67.8  -1.1  58.3  72.5  63.8 -24.7 -29.4 -18.4
 200907 -22.8  50.6 123.4  77.1  27.7  15.8  61.5  45.9 -23.9 -19.8 -34.6
 200908  -0.9  33.8 120.5  89.4  44.0   7.2  66.5  69.9  -4.4   4.1 -20.7
 200909   6.8  22.9 111.2 106.6  38.1  12.4  50.2  57.1   0.4  11.4 -10.8
 200910 -13.8  24.9 115.1 144.3  11.2  42.0  50.6  97.7 -20.7 -12.2 -20.4
 200911 -44.3  84.8 157.5 173.4 -32.0  54.6  68.9  74.2 -53.3 -32.9 -88.9
 200912  -6.4  64.5 186.9 154.7   3.9  90.0  53.2  71.3 -30.8  13.8 -85.4
 201001  13.6  79.4 131.8 150.7  18.1 109.1  50.6  93.9 -13.5  33.7 -65.3
 201002  83.2 139.0  96.0 115.8  45.5  31.1  79.4 107.2  77.6  82.7  85.3
 201003  41.4 100.9  91.3 120.6  19.2  73.8  97.3 108.2  19.2  45.8  24.0
 201004  28.6  99.6  84.6  92.8  36.0  94.8  74.8 116.2  10.7  34.9   3.7
 201005  36.1  60.8  23.1  45.6  31.0  67.8  74.8  80.0  32.8  36.9  32.8
 201006  37.1  64.5 -42.8   5.1  70.5  84.3  60.2  56.9  41.2  32.6  54.5
 201007  27.9  64.8 -84.9 -43.6  72.0 109.6  65.9  85.5  24.5  28.1  27.2
 201008  27.1  37.9 -92.3 -96.4  88.1 123.7  80.1  93.2  24.2  27.1  26.9
 201009   9.9   8.3-100.2-121.4 100.7 131.5  81.1  65.9   6.0  11.4   4.1
 201010   5.7  16.6-139.9-130.1 103.5 121.3 106.1  57.9  -0.7  10.3 -12.6
 201011  -2.3  48.3-133.8-122.8  20.8  87.9 107.2  53.3  14.9  -3.5   2.7
 201012  33.2  72.6-139.1-139.2  47.2  73.2  69.8   8.2  44.8  36.2  21.4
 201101  66.1  60.2-104.5-142.1  78.9 156.8  30.3 -11.5  43.8  81.0   8.0
 201102  82.0  61.9 -63.4-113.8  62.0 173.6  40.0  16.9  44.4 105.2  -8.7
 201103  55.5  29.3 -45.9 -67.5  52.3 128.3  42.3  34.5  36.5  61.5  32.2
 201104  36.9  24.7  -1.3 -47.8  52.0  99.7  36.8  -4.8  25.5  42.0  17.1
 201105  53.2  29.0  25.0 -27.0  48.3  64.4  44.5  12.9  43.4  56.4  40.5
 201106  71.3  33.3  40.9  -7.5  64.9  75.9  65.3  31.6  52.4  73.9  61.3
 201107  38.3  24.2  25.0   2.0  47.9 104.6  50.8  45.5  24.7  40.3  30.5
 201108  18.5  62.8 -21.3  -1.8  27.1 119.8  74.7  66.2   3.0  25.3  -8.1
 201109  -1.4  56.2 -36.6 -19.8  16.5 109.0  58.1  85.6 -16.4   7.8 -37.0
 201110  11.1  48.0 -65.3 -35.0  20.0  92.7  68.2 100.3   5.6  16.4 -10.0
 201111  14.9  62.7 -86.0 -39.0  31.0 124.1  76.5 118.5  -0.2  28.5 -38.2
 201112 -21.0  66.8 -67.3 -85.3  55.4 113.1  96.6  89.5 -15.5 -18.3 -31.7
 201201 -31.1  70.0 -44.5-102.8  24.8  18.7  80.2  73.8 -21.6 -41.4   9.1
 201202  -6.0  62.1  -1.3 -87.3  54.0   8.6  89.1  66.8   0.9  -4.4 -12.2
 201203 -23.3  54.9  10.1 -55.2  54.7   9.1  65.8  29.7 -21.8 -18.5 -41.8
 201204  19.3  66.8  34.6 -18.0  35.5   2.2  89.6  81.7  26.5  12.6  45.4
 201205  15.7  50.7  52.6  -3.1  31.0  39.1  95.7  91.5  21.5  13.4  24.6
 201206  24.4  40.1  96.7  19.6   9.9  42.1  92.0  85.8  23.7  24.9  22.2
 201207  19.6  35.3 120.3  41.1  51.2  30.8  58.7  91.5  19.0  24.3   1.3
 201208  19.3  18.3  95.1  79.4  11.5  47.1  55.8 128.6  17.6  22.1   8.5
 201209   7.5  14.0  67.5  87.9  20.9  40.0  61.9 121.4   8.8   8.2   4.8
 201210  -9.8   1.3  29.6  91.3  32.8  48.2  64.2 101.4  -8.9  -9.5 -11.1
 201211 -51.2  19.7  38.6  93.4 -11.7  94.8  77.6  93.0 -46.5 -50.1 -55.5
 201212 -17.5  51.5   6.5  49.5   0.9  16.0  76.7  72.1 -11.9 -17.4 -17.8
 201301  29.5  91.1 -30.7  17.2  15.5   1.4  60.7  62.7  23.9  25.3  45.8
 201302  39.3 107.3 -27.8  -2.6  28.3  -1.3  94.0  88.9  47.9  28.1  83.3
 201303  34.1 144.6  40.5 -13.7  -4.5  93.9  63.9  97.4  38.8  21.3  83.9
 201304  66.1 113.4  10.7  11.5  40.5  96.7  68.9  59.4  67.2  56.6 103.0
 201305  58.9  92.5 -38.5  15.1  37.3  99.1  68.7  41.8  50.2  56.9  66.6
 201306  14.4  71.6 -40.5  21.9  -1.2  97.4  45.1  34.3  12.4   8.8  36.1
 201307  43.6  90.2 -40.9  28.7  28.0  79.9  53.0  48.3  37.0  43.5  44.0
 201308  52.1  65.7 -34.0  35.3  36.4  66.0  72.5  68.1  48.6  50.0  60.7
 201309  42.7  77.3  16.5  41.5  43.8  85.7  64.6  59.9  33.3  39.1  56.8
 201310  43.1  39.8  11.5  39.7  41.1 106.5  63.2  68.6  32.1  40.9  51.3
 201311  79.9  50.5  12.5  65.4  58.9  74.7  87.2  87.3  74.3  74.5 101.1
 201312  99.5  41.0  26.8  38.8  63.9  76.9  66.1  56.2  86.6  98.0 105.3
 201401  49.4   4.6 -19.0   2.5  42.4  48.7  58.1  92.8  19.7  51.5  41.1
